110
2963
1375
1383
2177
2856
2538
1197
1553
2824
1269
1893
1268
551
53
861
2237
571
865
2709
1635
1219
1042
2706
1233
244
233
315
2875
247
947
2936
2962
30
1419
2218
2452
1677
1604
1821
907
813
481
307
2672
1019
1044
2634
1092
576
1535
717
1187
2074
1562
2649
1965
535
817
2309
834
73
913
1725
497
2557
2016
952
1102
310
2526
1916
2646
734
1259
1524
1048
661
774
8
513
1962
280
1266
836
1006
2203
809
2124
1400
2002
878
1280
2787
662
2548
1386
1115
2521
2141
1619
2086
2707
1671
1487
1808
2255
2333
2648
279
138
1865
1458
2637
1471
456
314
1148
2457
1518
763
844
942
2208
887
647
333
857
2927
1173
2084
2532
1823
467
2200
712
753
1999
1841
817
1228
2879
969
99
233
343
914
74
1361
24
2689
2197
2814
2406
123
577
1245
1818
2402
865
1061
950
75
2370
2423
1168
912
77
185
1245
493
406
473
863
1617
2002
218
969
2331
421
318
2895
502
689
945
354
1195
2586
2365
2985
1050
735
2599
1491
788
83
86
2233
1063
833
2419
73
255
2294
1745
1693
630
1824
1538
249
440
2389
252
2603
2861
2854
1423
1462
2163
698
2011
1222
744
1375
1210
240
697
2843
2607
170
1490
929
1274
2397
1979
534
1274
2187
1514
2147
1341
1099
315
422
2743
754
857
2201
2740
1483
1255
2812
1020
2767
2624
189
274
2552
623
2510
184
2919
2324
527
2123
2429
2460
1682
2423
399
380
2470
1511
978
2641
2899
1035
1038
2230
2661
1134
520
603
899
2266
1335
1047
2614
1787
2951
1698
2559
77
940
2226
977
2178
2598
2240
350
692
1483
1477
1966
2451
1851
1254
1769
1548
1189
409
1222
919
1134
2499
284
1163
817
152
2189
1192
1066
1710
1395
952
893
159
970
578
2676
1649
1894
2509
789
1851
1397
2542
1273
566
1180
166
2433
1486
2056
1075
1244
1219
1027
2786
995
2832
1543
2261
1269
999
182
102
1030
1551
1871
864
1938
636
133
1046
648
722
2961
2020
2729
1693
1896
830
632
951
2336
592
467
2719
1308
362
1680
1202
1022
1552
2699
985
1468
1580
419
2351
2459
1064
757
2725
264
1532
2271
2676
830
2992
2335
2647
2009
2143
1452
1594
1953
1760
1418
2490
210
2634
2171
1051
1240
851
2273
1120
2496
1781
2640
2875
210
1053
1984
2993
507
2882
816
2360
2078
1711
790
2343
2658
2452
2395
747
2391
2231
819
2050
98
1035
626
2790
1152
2610
442
120
2271
133
1425
789
1216
2660
839
458
593
1124
2142
1447
1263
1684
1922
2971
1824
2243
1687
525
1279
1435
82
2641
1856
1458
720
159
1571
1075
2994
212
293
2232
2250
1003
290
1081
704
1212
1640
2606
1093
1287
1620
2452
848
2230
183
1888
142
292
963
2822
1476
2461
424
2724
57
547
2636
2280
719
1538
2694
786
1520
2577
2003
111
1876
429
210
588
2824
476
2082
1795
539
523
683
2525
2531
2060
953
2756
2765
40
1973
628
1056
1285
2647
2157
1402
2228
2766
359
629
2890
447
1747
1074
2216
1116
2210
1245
1985
2507
1661
1064
1023
2000
1431
1866
411
2437
2235
2480
615
2197
109
571
1874
40
1104
2642
2567
1872
1572
1638
2650
451
1065
2539
369
1297
2956
2615
2634
2085
2117
2419
2094
897
1795
1662
346
369
2965
1385
2358
1938
1646
2517
1645
1668
467
1985
2127
2993
340
47
2934
1218
1188
1414
2603
1959
1439
2906
2172
1835
432
143
1125
1707
1460
2237
2727
1587
1910
1333
1129
881
2112
66
2818
1389
2682
2939
2577
1245
386
125
1825
2200
1225
2901
1220
1672
1734
1506
1586
2042
1825
2473
590
994
1022
1506
1933
135
27
2424
2092
2285
1112
1670
2534
2210
35
1317
815
328
1796
2818
2495
857
1660
284
302
1329
2925
1851
2136
253
1645
2332
654
1225
1117
761
1401
1727
1168
1277
611
1612
1835
2461
1924
1668
768
1682
1189
526
2670
2611
1477
1354
2120
24
294
286
16
2345
2803
280
216
2804
1760
1406
541
2894
798
1377
2937
2593
2306
2416
75
203
1864
2241
2173
2655
1281
2058
2226
1277
726
2086
2826
1828
2760
2779
2939
2616
1622
935
573
447
114
995
1915
1301
17
984
1545
2359
740
1134
438
380
1823
532
2271
1744
2766
1689
2181
1978
1119
497
21
2693
928
2291
579
2188
2678
1063
2354
2486
743
1789
1585
938
213
368
437
236
1863
2506
1999
1948
1981
233
818
1496
1312
1855
1644
2440
2611
2671
774
903
2770
2659
2002
2657
2278
1955
2568
104
1914
512
2429
2353
846
2158
448
699
1837
2279
2850
2407
853
1933
426
1995
1034
1416
2450
1649
311
621
537
1421
1754
903
1006
339
1251
471
1518
2950
2265
887
1370
222
2585
5
1848
2417
868
2331
404
1002
2371
2058
26
2638
1801
319
2371
2275
622
54
2482
2003
1484
611
1810
1847
664
2672
1846
1511
1502
2127
1372
805
209
1473
2558
2329
1470
304
1927
1479
636
63
2375
2941
1042
2849
891
1728
300
318
1708
646
2828
994
10
2415
1609
1136
196
2885
7
1085
2039
2906
2210
198
505
848
2496
355
2601
627
67
2221
2437
1163
343
2306
2726
1182
582
1698
300
2810
2765
2202
2962
1992
579
1573
2534
228
1358
2578
927
1977
1913
369
603
929
734
375
2932
1778
2820
858
2511
1501
1669
622
1265
2879
2223
2829
477
1978
1781
2893
2086
1374
737
59
2246
801
1928
1037
1337
1686
1234
885
817
1209
76
138
2862
2793
716
1873
2946
374
608
1296
878
2273
500
2355
540
939
1974
480
2771
622
247
2492
800
1783
713
2960
2944
2557
2551
2375
1750
2956
2502
382
1874
546
2374
6
2129
2
1700
1086
1323
2527
2752
2168
2261
1808
2421
2334
899
1354
738
2462
354
1403
2565
753
1727
722
2927
2297
2880
493
448
2544
685
250
2215
982
289
1951
1869
2138
2659
549
551
1833
2548
1662
2551
141
2868
2327
2174
2732
1318
1961
1608
1674
1684
2930
1243
17
96
2032
1821
1004
457
150
1610
1627
2702
1847
1215
809
850
2262
582
1297
2540
2784
1710
2143
1929
2762
213
435
1544
1388
1829
751
2130
479
473
1090
2357
1146
2755
1918
76
1360
659
819
2356
70
1854
998
2644
240
1144
2381
106
1891
567
2961
1726
2669
1390
2998
1510
889
1786
2630
2254
1062
2573
2929
233
719
228
1401
1000
2069
1359
866
302
729
2541
1335
2374
1574
1610
1959
1361
2250
2590
1415
2512
1749
1602
2665
1594
931
2721
617
682
476
2369
2088
2273
2002
94
522
643
474
449
1250
2832
1731
34
878
794
460
23
2981
222
2314
599
380
145
2343
2191
2400
1656
1150
392
965
1876
1827
2156
229
2616
1320
2491
293
2160
2201
358
633
752
2073
7
208
2438
2430
1779
250
997
543
2029
670
2127
1781
441
2495
470
1311
1713
2574
2183
896
1439
644
363
244
1368
2246
763
2048
1009
395
288
1646
2065
2497
1357
184
2859
971
529
556
990
2519
1708
965
26
1859
798
698
2522
1832
1790
1360
344
455
2254
2235
1985
2584
1969
201
1599
2490
2229
79
2773
2204
435
2126
194
2762
679
1605
2437
1100
2558
226
1529
952
1276
2634
1637
679
32
1277
1115
2500
1396
1752
818
2161
492
906
1771
2500
1810
96
1901
223
2684
1556
2533
1157
1891
1543
549
2880
632
2767
2479
2992
829
1548
2151
2230
6
1501
1379
822
2306
2536
559
323
1490
2726
2705
100
2828
740
2870
124
108
1398
2791
87
2024
2406
1819
9
1951
450
1658
2505
813
2868
132
2218
613
1938
2460
1034
996
2950
756
699
853
1064
1774
2966
799
2695
700
1728
1959
1808
1196
853
459
789
748
1897
749
2446
1798
2334
824
1108
272
2919
2666
1386
1154
1570
1837
791
2549
1388
1331
302
2997
991
2398
303
2098
2959
2154
446
2273
82
2352
1136
82
1885
959
886
662
2979
2993
2443
1822
2968
295
31
91
2940
1842
974
509
444
1280
2523
418
802
2838
1373
414
964
2840
2740
1729
1818
978
581
2538
1105
1586
736
2758
996
245
1403
2828
1187
1794
1655
664
1164
1999
1576
58
1629
1070
930
1986
2891
1635
2111
2835
1156
605
166
2609
1193
2934
397
656
608
2113
2007
1610
2254
2335
472
2533
474
2750
2613
967
188
2263
752
2390
2132
2778
321
241
231
2960
2017
2932
827
2357
1760
1924
1284
1608
2790
2376
2160
2176
847
2607
124
2261
575
1788
1178
2023
2572
827
402
2607
715
1743
2429
345
595
2377
2256
2682
6
863
2557
1196
2054
1439
310
2675
220
214
2699
251
1563
2633
123
1800
2171
1639
2830
1962
1514
2489
2049
1315
2941
2759
2859
1846
1156
2897
1100
1989
867
2430
2550
2087
1540
228
1611
348
538
157
2950
198
41
1107
1726
1967
529
960
1892
457
2410
2164
93
1446
1673
2379
1723
52
632
2034
431
2404
2227
1414
2593
984
615
802
152
1055
2485
2995
2108
62
2980
105
336
1404
1493
2164
2086
1834
888
520
171
2901
1123
815
17
1049
203
298
483
36
1395
1100
2411
173
1585
2642
432
1743
1528
179
1027
726
712
2000
248
284
1074
423
281
1392
1743
1746
750
1780
2561
2119
281
1673
2417
156
1758
217
2990
2306
992
1593
31
1018
351
2225
64
824
1885
2641
2825
2179
2583
1394
541
197
2257
2727
2845
142
2026
918
2036
247
2031
2230
558
589
1611
318
2873
2917
548
24
1358
2694
2593
1776
833
2839
1895
1245
1083
1878
1587
651
681
2930
778
947
1309
1694
2028
2312
2114
1475
302
1582
910
2664
863
1776
1624
265
2507
134
1808
1889
963
1722
2414
2077
789
1853
2026
1798
2303
2875
2619
1218
847
424
939
1072
2862
2957
183
1791
1948
499
1701
50
485
2475
1374
249
2432
2159
674
511
776
2161
2459
2780
915
2358
2050
126
543
2102
1398
1865
917
202
827
2416
302
1338
822
1510
1819
1499
167
310
177
690
967
1243
2736
504
265
101
428
1497
541
1113
1892
1770
2519
459
2600
2159
766
691
1336
2662
1273
2785
2032
627
1588
1702
2815
377
944
1840
799
2858
2512
1154
1559
731
1063
1510
851
2295
608
1408
229
2847
2821
1016
1597
1778
785
1411
2988
415
1273
1759
2230
2588
372
945
1822
2441
1060
533
211
30
925
2217
1384
2718
2298
2959
850
2103
2479
717
2906
503
288
2050
1178
1973
2041
567
1933
1808
455
1751
1062
1728
883
2844
1154
1151
1127
1840
1970
380
1977
990
1401
252
1220
2811
380
2085
1062
2915
2327
848
525
1068
596
186
2114
1689
534
2384
695
2892
1500
676
1068
2524
544
1232
1965
2398
855
222
1096
2027
1316
1681
459
910
2245
1492
2666
2872
15
1117
2486
434
2078
1582
873
1350
1884
1272
1237
83
1458
2339
2940
635
340
2599
946
514
1887
1384
1799
2469
382
1178
2954
2341
554
73
2623
1575
1200
930
1376
1729
948
1236
313
2154
1123
2029
2845
223
2622
1938
1287
942
946
1927
603
569
1708
1671
154
1888
2227
697
2428
1747
2534
783
656
155
2380
2692
2999
2060
1378
2873
175
74
998
708
1939
1012
2059
285
2432
1009
2014
2870
362
221
812
1855
948
1224
1838
1276
815
2372
405
2435
2266
2282
1488
957
2463
1855
2541
561
2751
856
1027
1935
1523
1751
1749
1064
2123
688
2635
1911
900
829
19
244
1650
1577
1821
1765
30
1717
1315
2889
2616
1798
2087
1707
2397
127
2279
2599
2875
888
1188
900
618
947
2497
1990
1581
190
1638
2279
2214
666
1315
1817
831
1791
226
978
756
2210
629
293
567
2732
999
233
1331
512
111
200
1410
2248
2870
214
146
1573
2698
2636
1730
2905
827
144
1418
2530
194
1011
1568
1710
1122
1622
1527
846
38
2050
2618
200
482
227
2375
373
1518
1288
2846
1923
2461
89
1608
2776
2492
2061
1365
724
2677
471
2453
977
2291
1477
2416
706
256
2461
402
845
971
1468
870
2678
2437
837
1403
738
1282
978
1628
1445
1428
817
1744
1000
235
2350
1730
2946
2682
2321
628
1234
2043
492
2252
990
2122
1452
2057
1219
654
1689
1262
2818
1756
2867
116
3
214
67
263
1641
1993
435
279
506
892
2139
1622
585
1388
1281
1473
273
1716
1340
1504
2496
2930
1749
823
1117
517
35
591
744
2098
58
2335
1413
1462
70
1315
2797
1102
2226
823
2945
338
2383
2789
2467
1200
1763
514
2739
2332
2696
135
1482
1453
1158
914
431
2259
775
2677
1316
2933
452
1622
1660
2279
2697
1710
1227
1592
817
342
338
2921
2135
1434
1277
465
2131
1921
2387
902
2582
1373
473
1551
2098
581
2308
1965
2600
970
2449
1071
1087
855
1554
1708
854
1169
264
2594
878
886
2512
1542
1079
442
803
2677
1342
28
2789
503
127
895
1274
27
2197
1292
448
813
1443
1541
2053
2989
694
1597
2230
2681
2161
2011
1416
242
2772
2132
2479
1212
2314
816
2065
2310
1358
613
2142
370
1690
288
143
1471
2923
435
2359
89
2268
2088
1850
1698
1389
1051
1705
1442
1999
2253
2879
1858
2095
1357
1148
1079
901
2897
891
73
2137
1866
2689
235
2001
2605
2221
1125
2728
2854
879
772
2942
1096
1230
1828
544
1543
281
676
2284
1622
113
151
820
1395
1394
1227
1412
1272
653
1850
2441
1710
2603
1278
905
1858
1760
2690
2233
2857
353
1723
2806
1848
1387
421
1811
387
1354
1850
1852
143
2586
597
741
1340
230
757
1835
2338
1171
1701
1356
452
479
504
2725
2418
1196
2209
624
2000
2907
1929
2728
2988
198
2354
643
2885
2703
2896
794
471
2638
1064
2520
1387
795
1064
133
1498
1888
2741
1206
154
2586
420
738
418
2028
2480
1803
159
1552
1514
375
2113
1107
655
2891
1760
1556
1771
235
1392
1289
2739
1152
659
925
568
1214
1901
2922
711
2705
1779
727
1566
2700
1941
2598
601
1685
507
789
458
2936
923
22
87
438
2480
2661
1814
2114
1230
2574
835
2385
538
657
994
851
223
971
1903
1522
2435
2970
290
2646
1624
2076
753
2546
2590
1349
1726
1335
277
875
2104
378
40
415
2157
2117
382
51
412
2031
1851
602
1392
712
1803
1457
1313
1774
1326
2176
1837
1509
2990
780
1004
582
1021
2372
1697
1247
164
726
2708
811
2318
1070
2300
253
1388
1194
866
1054
1385
205
904
1585
2845
2926
1841
928
2439
1092
1090
1021
604
2976
1454
1566
340
895
1767
2389
163
531
576
2371
1013
997
1608
889
731
729
240
2963
1322
629
2134
529
2842
1575
82
995
1076
1715
2109
2657
1845
2790
706
1252
175
657
1957
2829
1119
621
792
2719
1865
1312
2212
419
1287
314
1556
2681
1409
2583
1908
813
1526
1040
1873
669
2040
1640
2675
1926
1670
1008
269
1294
1003
1463
1222
458
419
2978
1655
476
2278
2572
2244
2504
261
1698
1904
2371
522
846
1896
2313
1356
1173
1946
1562
503
199
495
2880
178
2507
1339
2255
2610
2084
1830
1841
1372
1380
938
2765
1232
2644
1476
2787
433
173
2616
1983
728
366
606
624
2817
1810
1817
1388
533
1349
1493
2026
2462
1539
680
1427
2161
1901
497
869
302
2001
2157
542
179
1652
2769
2929
2526
1607
1850
1208
977
2244
296
2471
840
2987
1137
1441
2462
1301
1930
57
2133
1620
2551
398
2261
1085
532
1148
1331
2947
220
843
1987
41
1206
1182
241
2188
2240
2107
176
1579
1628
1474
2277
2852
2039
2227
2694
244
1544
1496
2020
170
606
476
2024
576
1738
239
2186
2991
2571
872
180
2822
1872
814
1421
928
976
2146
121
1615
517
1620
1078
320
887
176
113
749
2533
1053
1079
344
887
1866
1152
2195
1975
1237
1493
1025
949
1530
1506
1424
961
2132
1927
470
1292
1851
2112
1453
967
394
1524
725
2021
1267
987
1156
901
74
2401
2788
2631
1643
1839
1657
2239
1544
584
1941
1927
19
153
1594
647
1060
2418
2884
1976
2328
785
2352
1335
15
2350
2909
909
432
472
350
2290
339
1214
408
1633
778
563
966
991
1573
2616
2111
1541
1081
2069
1385
1926
1316
1491
2052
1058
1351
24
2437
2400
576
1021
1669
586
2235
2148
2622
546
789
2091
890
1011
1485
1350
2415
2946
528
1425
1587
1939
1471
1450
360
1048
1374
653
884
796
851
2977
975
166
1881
2680
586
2969
2209
916
1465
2640
532
796
708
935
1439
2702
960
1228
2580
2110
1028
1757
473
2573
2475
107
2799
317
2878
2507
1840
1928
1131
286
1110
2657
1902
286
1525
1978
2098
257
548
636
459
2298
1621
2981
2499
282
1838
2596
2928
2230
83
1552
775
2314
1658
1798
2215
747
2283
1201
756
802
